layer first proj lda lr lrnb lrnb_only first_logit lrnb_logit
4 0.0 0.2861998677253723 0.00033990482916124165 0.20428280532360077 0.0639021098613739 0.0639021098613739 0.00033990482916124165 0.013596192933619022
8 0.006798096466809511 0.6760706901550293 0.012576478533446789 0.4915023744106293 0.13936097919940948 0.13596193492412567 0.002039429033175111 0.04826648533344269
12 0.038749150931835175 0.911284863948822 0.008157716132700443 0.5591434240341187 0.13800135254859924 0.1250849813222885 0.002379333833232522 0.06084296479821205
16 0.05540448799729347 0.9296396970748901 0.008157716132700443 0.5492861866950989 0.14649897813796997 0.1305234581232071 0.007817811332643032 0.1016315445303917
18 0.10367096960544586 0.9367777109146118 0.03636981546878815 0.7263765931129456 0.23759347200393677 0.1883072704076767 0.018694765865802765 0.14751869440078735
20 0.1866077482700348 0.9459551572799683 0.11930659413337708 0.7770224213600159 0.32800814509391785 0.23079538345336914 0.04520734027028084 0.17097212374210358
22 0.18524813652038574 0.9493541717529297 0.21414004266262054 0.8062542676925659 0.3467029333114624 0.24575118720531464 0.05234534293413162 0.2171991914510727
24 0.25628823041915894 0.9588715434074402 0.5105370283126831 0.8368456959724426 0.4218218922615051 0.22365736961364746 0.1866077482700348 0.37253567576408386
26 0.30693405866622925 0.9571719765663147 0.6182869076728821 0.7821210026741028 0.4394969344139099 0.19374574720859528 0.26580557227134705 0.45751190185546875
28 0.42760026454925537 0.9575119018554688 0.6454792618751526 0.6957851648330688 0.4717878997325897 0.132222980260849 0.3582596778869629 0.49354180693626404
30 0.5244731307029724 0.9575119018554688 0.6682528853416443 0.6084296107292175 0.43983685970306396 0.05370496213436127 0.44799456000328064 0.45139360427856445
