layer R J logit
0 0.0 0.0 0.0
1 0.0 0.0 0.0
2 0.0 0.0 0.0
3 0.14 0.02 0.0
4 0.14 0.06 0.0
5 0.28 0.16 0.0
6 0.32 0.26 0.08
7 0.34 0.3 0.04
8 0.36 0.36 0.04
9 0.44 0.46 0.08
10 0.4 0.36 0.08
11 0.38 0.36 0.04
12 0.34 0.36 0.02
13 0.4 0.38 0.0
14 0.32 0.36 0.0
15 0.36 0.34 0.0
16 0.34 0.36 0.0
17 0.34 0.38 0.0
18 0.34 0.3 0.0
19 0.38 0.34 0.04
20 0.38 0.34 0.08
21 0.3 0.26 0.06
22 0.28 0.18 0.04
23 0.32 0.26 0.18
24 0.64 0.56 0.44
25 0.7 0.68 0.48
26 0.78 0.68 0.46
27 0.74 0.72 0.42
28 0.72 0.72 0.44
29 0.34 0.34 0.36
30 0.1 0.1 0.1
31 0.0 0.0 0.0
