layer first_R first_J first_logit lr_R lr_J lr_logit proj_R proj_J
4 0.00033990482916124165 0.00033990482916124165 0.00033990482916124165 0.004078858066350222 0.061862677335739136 0.013256288133561611 0.027532290667295456 0.1305234581232071
8 0.006118286866694689 0.018014956265687943 0.002039429033175111 0.07817810773849487 0.16961251199245453 0.047926582396030426 0.36199864745140076 0.6651937365531921
12 0.011556764133274555 0.03127124533057213 0.002379333833232522 0.09755268692970276 0.20360298454761505 0.05982324853539467 0.5462270379066467 0.8178110122680664
16 0.018014956265687943 0.03195105493068695 0.007817811332643032 0.14751869440078735 0.21991842985153198 0.10061182826757431 0.6696125268936157 0.8198504447937012
18 0.039089053869247437 0.047926582396030426 0.018694765865802765 0.2267165184020996 0.2661454677581787 0.14581917226314545 0.7994561791419983 0.8552005290985107
20 0.095513254404068 0.09517335146665573 0.044527530670166016 0.2970768213272095 0.33310672640800476 0.1699524074792862 0.8038749098777771 0.8725357055664062
22 0.10129164159297943 0.09177429974079132 0.05132563039660454 0.3528212010860443 0.35418084263801575 0.21312032639980316 0.8385452032089233 0.8830727338790894
24 0.2338545173406601 0.20088374614715576 0.18592794239521027 0.4649898111820221 0.4507138133049011 0.3704962730407715 0.8657376170158386 0.8932698965072632
26 0.2984364330768585 0.26750510931015015 0.26648539304733276 0.5047586560249329 0.49184226989746094 0.45649218559265137 0.874235212802887 0.8929299712181091
28 0.412304550409317 0.39462950825691223 0.35859960317611694 0.49966010451316833 0.5271924138069153 0.49422162771224976 0.8766145706176758 0.8956491947174072
30 0.4445955157279968 0.4445955157279968 0.4445955157279968 0.44969409704208374 0.44969409704208374 0.44969409704208374 0.9075458645820618 0.9075458645820618
